eb
90
12
00
00
77
35
94
00
14
77
35
94
00
0a
17
70
00
00
00
00
11
00
00
00
00
00
00
46
00
00
00
00
00
00
00
00
00
00
00
00
00
00
00
00
00
01
00
02
d0
02
00
00
01
02
00
00
0a
2e
17
00
00
00
00
00
00
00
00
00
00
00
00
00
00
00
00
00
00
00
07
00
01
02
d0
02
f5
0f
00
11
00
00
00
00
00
00
46
00
00
00
00
00
00
00
00
00
00
00
00
00
00
00
00
00
01
00
02
d0
02
f5
00
01
02
00
00
0a
2e
17
00
00
00
00
00
00
00
00
00
00
00
00
00
00
00
00
00
00
00
07
d0
01
02
d0
02
f5
0f
00
00
00
00
37
00
00
00
37
00
00
00
00
00
00
00
00
00
00
33
00
80
00
00
00
00
00
00
d6
bf
94
d5
d6
be
be
16
00
00
02
fe
37
00
00
00
00
00
00
00
00
00
00
00
00
00
00
00
00
00
20
bc
6a
7f
00
00
00
00
00
00
00
00
00
00
00
00
00
00
01
4f
00
00
00
00
00
01
37
00
00
00
00
00
00
00
00
00
00
00
00
00
ff
ff
ff
ff
ff
ff
ff
ff
00
00
00
00
66
00
37
00
00
00
37
00
00
00
00
00
00
00
00
00
00
00
00
00
00
00
00
00
ff
ff
ff
ff
ff
ff
ff
ff
00
00
00
00
77
00
00
00
00
37
00
00
00
37
ff
ff
ff
ff
ff
ff
ff
ff
ff
ff
ff
ff
ff
ff
ff
ff
00
00
00
00
00
00
00
00
00
00
00
00
34
00
00
00
c8
00
14
00
32
00
00
c8
00
14
00
32
be
00
00
00
00
00
00
00
00
00
00
00
00
00
00
00
00
00
00
00
00
00
00
00
00
00
00
00
00
00
00
00
00
00
00
00
00
00
00
00
00
00
00
00
00
00
00
00
00
00
00
00
00
00
00
00
00
00
00
00
00
00
00
00
00
00
00
00
00
00
00
00
00
00
00
00
00
00
00
00
00
00
00
00
00
00
00
00
00
00
00
00
00
00
00
00
00
00
00
00
00
00
00
00
00
00
00
00
00
00
00
00
00
00
00
00
00
00
00
00
00
00
00
bc
00
00
